Data,Temperatura,Umidade,IndiceCalor,MudancaTemp,MudancaUmi,MudancaSen
1708979467,26.0,62.0,27.000433,0,0,0
1708979469,26.0,62.0,27.000433,0,0,0
1708979470,26.0,62.0,27.000433,0,0,0
1708979472,26.0,62.0,27.000433,0,0,0
1708979473,26.0,62.0,27.000433,0,0,0
1708979475,26.0,62.0,27.000433,0,0,0
1708979476,26.0,62.0,27.000433,0,0,0
1708979478,26.0,62.0,27.000433,0,0,0
1708979479,26.0,62.0,27.000433,0,0,0
1708979481,26.0,62.0,27.000433,0,0,0
1708979482,26.0,62.0,27.000433,0,0,0
1708979484,26.0,62.0,27.000433,0,0,0
1708979485,26.0,62.0,27.000433,0,0,0
1708979487,26.0,62.0,27.000433,0,0,0
1708979488,26.0,62.0,27.000433,0,0,0
1708979490,26.0,62.0,27.000433,0,0,0
1708979491,26.0,62.0,27.000433,0,0,0
1708979493,26.0,62.0,27.000433,0,0,0
1708979495,26.0,62.0,27.000433,0,0,0
1708979496,26.0,62.0,27.000433,0,0,0
1708979498,26.0,63.0,27.037058,0,0,0
1708979499,26.0,63.0,27.037058,0,0,0
1708979501,26.0,63.0,27.037058,0,0,0
1708979502,26.0,63.0,27.037058,0,0,0
1708979504,26.0,64.0,27.073711,0,0,0
1708979505,26.0,64.0,27.073711,0,0,0
1708979507,26.0,64.0,27.073711,0,0,0
1708979508,26.0,64.0,27.073711,0,0,0
1708979510,26.0,64.0,27.073711,0,0,0
1708979511,26.0,64.0,27.073711,0,0,0
1708979513,26.0,64.0,27.073711,0,1,0
1708979514,26.0,64.0,27.073711,0,1,0
1708979516,26.0,64.0,27.073711,0,1,0
1708979517,26.0,64.0,27.073711,0,0,0
1708979519,26.0,64.0,27.073711,0,1,0
1708979520,26.0,64.0,27.073711,0,1,0
1708979522,26.0,65.0,27.110401,0,0,0
1708979524,26.0,65.0,27.110401,0,1,0
1708979525,26.0,65.0,27.110401,0,0,0
1708979527,26.0,65.0,27.110401,0,0,0
1708979528,26.0,65.0,27.110401,0,1,0
1708979530,26.0,65.0,27.110401,0,0,0
1708979531,26.0,66.0,27.14712,0,0,0
1708979533,26.0,66.0,27.14712,0,0,0
1708979534,26.0,67.0,27.183867,0,0,0
1708979536,26.0,67.0,27.183867,0,1,0
1708979537,26.0,68.0,27.22065,0,0,0
1708979539,26.0,68.0,27.22065,0,0,0
1708979540,26.0,69.0,27.257465,0,1,0
1708979542,26.0,69.0,27.257465,0,0,0
1708979543,26.0,69.0,27.257465,0,1,0
1708979545,26.0,69.0,27.257465,0,1,0
1708979546,26.0,70.0,27.294306,0,1,0
1708979548,26.0,70.0,27.294306,0,1,0
1708979550,26.0,71.0,27.331184,0,1,0
1708979551,26.0,71.0,27.331184,0,0,0
1708979553,26.0,72.0,27.36809,0,1,0
1708979554,26.0,72.0,27.36809,0,0,0
1708979556,26.0,72.0,27.36809,0,1,0
1708979557,26.0,72.0,27.36809,0,0,0
1708979559,26.0,73.0,27.405027,0,1,0
1708979560,26.0,73.0,27.405027,0,0,0
1708979562,26.0,73.0,27.405027,0,0,0
1708979563,26.0,73.0,27.405027,0,1,0
1708979565,26.0,74.0,27.442001,0,1,0
1708979566,26.0,74.0,27.442001,0,0,0
1708979568,27.0,75.0,29.283802,0,1,0
1708979569,27.0,75.0,29.283802,0,0,0
1708979571,26.0,75.0,27.478998,0,0,0
1708979572,26.0,75.0,27.478998,0,1,0
1708979574,27.0,76.0,29.37282,0,0,0
1708979575,27.0,76.0,29.37282,0,1,1
1708979577,27.0,76.0,29.37282,0,0,1
1708979579,27.0,76.0,29.37282,0,0,1
1708979580,27.0,76.0,29.37282,0,1,1
1708979582,27.0,76.0,29.37282,0,1,1
1708979583,27.0,77.0,29.462934,0,0,1
1708979585,27.0,77.0,29.462934,1,1,0
1708979586,27.0,77.0,29.462934,1,0,1
1708979588,27.0,77.0,29.462934,1,0,0
1708979589,27.0,77.0,29.462934,1,1,1
1708979591,27.0,77.0,29.462934,1,0,0
1708979592,27.0,78.0,29.554155,0,0,0
1708979594,27.0,78.0,29.554155,1,1,0
1708979595,27.0,78.0,29.554155,0,0,1
1708979597,27.0,78.0,29.554155,1,0,0
1708979598,27.0,78.0,29.554155,0,1,0
1708979600,27.0,78.0,29.554155,0,0,0
1708979601,27.0,78.0,29.554155,0,0,0
1708979603,27.0,78.0,29.554155,1,1,1
1708979606,27.0,79.0,29.646479,0,0,0
1708979606,27.0,79.0,29.646479,0,1,0
1708979608,27.0,79.0,29.646479,0,0,0
1708979609,27.0,79.0,29.646479,0,0,0
1708979611,27.0,79.0,29.646479,0,1,0
1708979612,27.0,79.0,29.646479,1,1,0
1708979614,27.0,79.0,29.646479,0,0,0
1708979615,27.0,79.0,29.646479,0,0,0
1708979617,27.0,80.0,29.739904,0,1,0
1708979618,27.0,80.0,29.739904,0,0,0
1708979620,27.0,80.0,29.739904,0,0,0
1708979621,27.0,80.0,29.739904,0,1,0
1708979623,27.0,80.0,29.739904,0,0,0
1708979624,27.0,80.0,29.739904,0,0,0
1708979626,27.0,80.0,29.739904,0,1,0
1708979627,27.0,80.0,29.739904,0,0,0
1708979629,27.0,81.0,29.834436,0,0,1
1708979630,27.0,81.0,29.834436,0,1,0
1708979632,27.0,81.0,29.834436,0,0,0
1708979634,27.0,81.0,29.834436,0,0,0
1708979635,27.0,81.0,29.834436,0,0,0
1708979637,27.0,81.0,29.834436,0,1,0
1708979638,27.0,80.0,29.739904,0,0,0
1708979640,27.0,80.0,29.739904,0,0,0
1708979641,27.0,80.0,29.739904,0,0,0
1708979643,27.0,80.0,29.739904,0,0,0
1708979644,27.0,80.0,29.739904,0,0,0
1708979646,27.0,80.0,29.739904,0,1,0
1708979647,27.0,80.0,29.739904,1,0,0
1708979649,27.0,80.0,29.739904,0,0,0
1708979650,27.0,79.0,29.646479,0,0,0
1708979652,27.0,79.0,29.646479,0,0,0
1708979653,26.0,79.0,27.627321,0,0,0
1708979655,26.0,79.0,27.627321,0,0,0
1708979657,26.0,79.0,27.627321,0,0,0
1708979658,26.0,79.0,27.627321,0,0,0
1708979660,26.0,79.0,27.627321,0,0,0
1708979661,26.0,79.0,27.627321,0,0,0
1708979663,26.0,79.0,27.627321,0,0,0
1708979664,26.0,79.0,27.627321,0,0,0
1708979666,26.0,78.0,27.590191,0,0,1
1708979667,26.0,78.0,27.590191,0,0,1
1708979690,28.0,76.0,31.499798,0,0,0
1708979692,28.0,76.0,31.499798,0,0,0
1708979693,29.0,76.0,33.89695,0,0,0
1708979695,29.0,76.0,33.89695,0,0,0
1708979696,30.0,76.0,36.564301,0,0,0
1708979698,30.0,76.0,36.564301,0,0,0
1708979699,30.0,75.0,36.299282,0,0,0
1708979701,30.0,75.0,36.299282,0,0,0
1708979702,30.0,75.0,36.299282,0,0,0
1708979704,30.0,75.0,36.299282,0,0,0
1708979705,30.0,74.0,36.038502,0,0,0
1708979707,30.0,74.0,36.038502,0,0,0
1708979708,30.0,73.0,35.781948,0,0,0
1708979710,30.0,73.0,35.781948,0,0,0
1708979711,30.0,72.0,35.529625,0,0,0
1708979713,30.0,72.0,35.529625,0,0,0
1708979714,30.0,71.0,35.281532,0,0,0
1708979716,30.0,71.0,35.281532,0,0,0
1708979718,30.0,70.0,35.037666,0,0,0
1708979719,30.0,70.0,35.037666,0,0,0
1708979721,30.0,69.0,34.798031,0,0,0
1708979722,30.0,69.0,34.798031,0,0,0
1708979724,30.0,69.0,34.798031,0,1,0
1708979725,30.0,69.0,34.798031,0,0,0
1708979727,30.0,68.0,34.562634,0,1,0
1708979728,30.0,68.0,34.562634,0,0,0
1708979730,30.0,68.0,34.562634,0,1,0
1708979731,30.0,68.0,34.562634,0,0,0
1708979733,30.0,67.0,34.331463,0,1,0
1708979734,30.0,67.0,34.331463,0,0,0
1708979736,30.0,66.0,34.104519,0,0,0
1708979737,30.0,66.0,34.104519,0,1,0
1708979739,30.0,66.0,34.104519,0,0,0
1708979740,30.0,66.0,34.104519,0,0,0
1708979742,31.0,65.0,36.156258,0,1,0
1708979744,31.0,65.0,36.156258,0,0,0
1708979745,31.0,65.0,36.156258,0,1,0
1708979747,31.0,65.0,36.156258,0,0,0
1708979748,32.0,64.0,38.332966,0,1,0
1708979750,32.0,64.0,38.332966,0,0,0
1708979751,34.0,63.0,43.471104,0,1,0
1708979753,34.0,63.0,43.471104,0,0,0
1708979754,37.0,62.0,52.707417,0,1,0
1708979756,37.0,62.0,52.707417,1,0,1
1708979757,39.0,61.0,59.474979,1,0,1
1708979759,39.0,61.0,59.474979,1,1,1
1708979760,41.0,60.0,66.80632,1,1,1
1708979762,41.0,60.0,66.80632,1,0,1
1708979765,43.0,59.0,74.663994,1,1,1
1708979765,43.0,59.0,74.663994,1,1,1
1708979767,45.0,58.0,83.010254,1,0,0
1708979768,45.0,58.0,83.010254,0,1,1
1708979769,46.0,56.0,85.314201,1,1,0
1708979771,46.0,56.0,85.314201,0,0,1
1708979773,47.0,54.0,87.486832,1,1,1
1708979774,47.0,54.0,87.486832,0,0,0
1708979776,47.0,52.0,84.704292,1,0,0
1708979777,47.0,52.0,84.704292,0,1,1
1708979779,48.0,50.0,86.604774,0,1,0
1708979780,48.0,50.0,86.604774,1,0,1
1708979782,48.0,47.0,82.390388,0,1,0
1708979783,48.0,47.0,82.390388,1,1,0
1708979785,48.0,46.0,81.026176,0,0,1
1708979786,48.0,46.0,81.026176,0,1,0
1708979788,47.0,45.0,75.580246,0,1,0
1708979789,47.0,45.0,75.580246,1,0,0
1708979791,47.0,44.0,74.354889,0,1,0
1708979792,47.0,44.0,74.354889,0,0,0
1708979794,46.0,43.0,69.395195,0,1,0
1708979795,46.0,43.0,69.395195,0,0,0
1708979797,46.0,42.0,68.301796,0,1,0
1708979799,46.0,42.0,68.301796,0,0,0
1708979800,45.0,41.0,63.80302,0,0,0
1708979802,45.0,41.0,63.80302,0,1,0
1708979803,45.0,40.0,62.834591,0,0,0
1708979805,45.0,40.0,62.834591,0,0,0
1708979806,43.0,40.0,56.584,0,1,0
1708979808,43.0,40.0,56.584,0,0,1
1708979809,43.0,40.0,56.584,0,0,1
1708979811,43.0,40.0,56.584,0,1,0
1708979812,42.0,40.0,53.669991,0,0,1
1708979814,42.0,40.0,53.669991,0,1,0
1708979815,41.0,40.0,50.896847,0,0,1
1708979817,41.0,40.0,50.896847,0,1,0
1708979818,40.0,40.0,48.264553,0,0,1
1708979820,40.0,40.0,48.264553,0,0,1
1708979822,40.0,40.0,48.264553,0,1,0
1708979823,40.0,40.0,48.264553,1,0,0
1708979824,40.0,40.0,48.264553,0,0,1
1708979826,40.0,40.0,48.264553,1,0,0
1708979828,39.0,40.0,45.773117,0,0,1
1708979829,39.0,40.0,45.773117,1,0,0
1708979831,38.0,40.0,43.42255,0,1,1
1708979832,38.0,40.0,43.42255,1,0,0
1708979834,38.0,40.0,43.42255,0,0,0
1708979835,38.0,40.0,43.42255,0,0,1
1708979837,37.0,39.0,40.817158,1,0,0
1708979838,37.0,39.0,40.817158,0,0,0
1708979840,37.0,39.0,40.817158,0,0,0
1708979841,37.0,39.0,40.817158,1,0,1
1708979843,37.0,39.0,40.817158,0,0,1
1708979844,37.0,39.0,40.817158,1,0,1
1708979846,38.0,40.0,43.42255,0,0,0
1708979847,38.0,40.0,43.42255,1,0,1
1708979849,40.0,39.0,47.689754,0,0,0
1708979850,40.0,39.0,47.689754,0,0,0
1708979852,42.0,38.0,52.258434,0,0,0
1708979854,42.0,38.0,52.258434,0,1,0
1708979855,43.0,40.0,56.584,0,0,0
1708979857,43.0,40.0,56.584,0,0,0
1708979858,46.0,39.0,65.13398,0,0,0
1708979860,46.0,39.0,65.13398,0,0,0
1708979861,48.0,39.0,72.044724,0,0,1
1708979863,48.0,39.0,72.044724,1,0,1
1708979864,49.0,39.0,75.705589,1,1,1
1708979866,49.0,39.0,75.705589,1,0,0
1708979867,51.0,39.0,83.438362,0,0,1
1708979869,51.0,39.0,83.438362,1,1,1
1708979870,52.0,39.0,87.510231,1,0,1
1708979872,52.0,39.0,87.510231,0,0,0
1708979873,53.0,38.0,89.990852,1,0,0
1708979875,53.0,38.0,89.990852,0,1,1
1708979876,53.0,36.0,86.606094,1,0,0
1708979878,53.0,36.0,86.606094,0,0,1
1708979880,27.0,157.800003,45.56517,0,0,0
1708979881,27.0,157.800003,45.56517,0,0,0
1708979883,54.0,34.0,87.08532,0,0,0
1708979884,54.0,34.0,87.08532,0,0,0
1708979886,54.0,32.0,83.665726,0,0,0
1708979887,54.0,32.0,83.665726,0,0,0
1708979889,54.0,31.0,81.992844,0,0,0
1708979890,54.0,31.0,81.992844,0,0,0
1708979892,54.0,30.0,80.344559,0,0,0
1708979893,54.0,30.0,80.344559,0,0,0
1708979895,53.0,29.0,75.513092,0,0,0
1708979896,53.0,29.0,75.513092,0,0,0
1708979898,53.0,28.0,74.024078,0,0,0
1708979899,53.0,28.0,74.024078,0,0,0
1708979901,53.0,26.0,71.117836,0,0,0
1708979902,53.0,26.0,71.117836,0,0,0
1708979904,51.0,25.0,64.401573,0,0,0
1708979905,51.0,25.0,64.401573,0,0,0
1708979907,50.0,25.0,61.874298,0,0,0
1708979909,50.0,25.0,61.874298,0,0,0
1708979910,49.0,24.0,58.423698,0,0,0
1708979912,49.0,24.0,58.423698,0,0,0
1708979913,49.0,24.0,58.423698,0,0,0
1708979915,49.0,24.0,58.423698,0,0,0
1708979916,48.0,24.0,56.146358,0,0,0
1708979918,48.0,24.0,56.146358,0,0,0
1708979919,48.0,23.0,55.248775,0,0,0
1708979921,48.0,23.0,55.248775,0,1,0
1708979922,48.0,23.0,55.248775,0,1,1
1708979924,48.0,23.0,55.248775,0,1,0
1708979925,47.0,23.0,53.130951,0,1,1
1708979927,47.0,23.0,53.130951,0,1,0
1708979928,47.0,22.0,52.334988,0,1,0
1708979930,47.0,22.0,52.334988,0,1,0
1708979931,46.0,22.0,50.367729,0,1,0
1708979933,46.0,22.0,50.367729,0,0,1
1708979935,46.0,22.0,50.367729,0,1,0
1708979936,46.0,22.0,50.367729,0,0,1
1708979938,46.0,21.0,49.667725,0,0,0
1708979939,46.0,21.0,49.667725,0,0,1
1708979941,45.0,21.0,47.842022,0,0,1
1708979942,45.0,21.0,47.842022,0,0,0
1708979944,45.0,21.0,47.842022,0,1,1
1708979945,45.0,21.0,47.842022,0,0,0
1708979947,45.0,21.0,47.842022,0,0,1
1708979948,45.0,21.0,47.842022,0,0,0
1708979950,44.0,21.0,46.081432,0,0,1
1708979951,44.0,21.0,46.081432,0,0,0
1708979953,44.0,21.0,46.081432,0,0,0
1708979954,44.0,21.0,46.081432,0,1,1
1708979956,43.0,21.0,44.385971,0,0,0
1708979958,43.0,21.0,44.385971,0,0,1
1708979959,43.0,22.0,44.881332,0,1,0
1708979960,43.0,22.0,44.881332,0,0,0
1708979962,43.0,22.0,44.881332,0,0,1
1708979964,43.0,22.0,44.881332,0,0,0
1708979965,42.0,22.0,43.190994,0,0,1
1708979967,42.0,22.0,43.190994,1,0,1
1708979968,42.0,23.0,43.641823,1,0,0
1708979970,42.0,23.0,43.641823,0,0,0
1708979971,42.0,23.0,43.641823,1,0,1
1708979973,42.0,23.0,43.641823,0,0,0
1708979974,41.0,23.0,41.964001,1,0,1
1708979976,41.0,23.0,41.964001,0,0,0
1708979977,41.0,23.0,41.964001,1,0,0
1708979979,41.0,23.0,41.964001,0,0,0
1708979980,41.0,24.0,42.3727,0,0,1
1708979982,41.0,24.0,42.3727,1,0,0
1708979983,40.0,24.0,40.714714,0,0,1
1708979985,40.0,24.0,40.714714,1,0,0
1708979987,40.0,24.0,40.714714,0,1,1
1708979988,40.0,24.0,40.714714,1,0,0
1708979990,40.0,25.0,41.083641,0,1,1
1708979991,40.0,25.0,41.083641,0,0,1
1708979993,39.0,25.0,39.452782,1,0,0
1708979994,39.0,25.0,39.452782,1,1,1
1708979996,39.0,25.0,39.452782,0,0,0
1708979997,39.0,25.0,39.452782,0,1,0
1708979999,39.0,25.0,39.452782,1,1,0
1708980000,39.0,25.0,39.452782,0,0,1
1708980002,39.0,25.0,39.452782,1,1,1
1708980005,39.0,25.0,39.452782,1,0,1
1708980005,38.0,24.0,37.630997,0,0,0
1708980006,38.0,24.0,37.630997,0,0,0
1708980008,38.0,24.0,37.630997,1,1,0
1708980010,38.0,24.0,37.630997,0,0,1
1708980011,38.0,24.0,37.630997,1,0,1
1708980012,38.0,24.0,37.630997,0,0,0
1708980014,38.0,24.0,37.630997,1,0,1
1708980016,38.0,24.0,37.630997,0,0,0
1708980017,37.0,24.0,36.205269,0,0,0
1708980019,37.0,24.0,36.205269,1,0,1
1708980020,37.0,24.0,36.205269,0,0,1
1708980022,37.0,24.0,36.205269,0,0,1
1708980023,37.0,24.0,36.205269,1,0,0
1708980025,37.0,24.0,36.205269,0,0,1
1708980026,37.0,24.0,36.205269,1,0,0
1708980028,37.0,24.0,36.205269,0,0,0
1708980029,37.0,24.0,36.205269,0,0,0
1708980031,37.0,24.0,36.205269,0,0,1
1708980032,36.0,24.0,34.856964,1,0,0
1708980034,36.0,24.0,34.856964,0,0,1
1708980035,36.0,24.0,34.856964,0,0,0
1708980037,36.0,24.0,34.856964,1,0,1
1708980038,36.0,24.0,34.856964,0,0,0
1708980040,36.0,24.0,34.856964,1,0,1
1708980042,36.0,24.0,34.856964,0,0,0
1708980043,36.0,24.0,34.856964,0,0,0
1708980045,36.0,24.0,34.856964,0,0,0
1708980046,36.0,24.0,34.856964,1,0,0
1708980048,35.0,24.0,33.586075,0,0,0
1708980049,35.0,24.0,33.586075,0,0,1
1708980051,35.0,24.0,33.586075,0,0,1
1708980052,35.0,24.0,33.586075,1,0,0
1708980054,35.0,24.0,33.586075,0,0,1
1708980055,35.0,24.0,33.586075,0,0,0
1708980057,35.0,24.0,33.586075,1,0,0
1708980058,35.0,24.0,33.586075,0,0,1
1708980060,35.0,24.0,33.586075,0,0,0
1708980061,35.0,24.0,33.586075,0,0,0
1708980063,34.0,24.0,32.392601,0,0,0
1708980065,34.0,24.0,32.392601,0,0,1
1708980066,34.0,24.0,32.392601,1,0,0
1708980067,34.0,24.0,32.392601,0,0,1
1708980069,34.0,24.0,32.392601,1,0,1
1708980071,34.0,24.0,32.392601,0,0,0
1708980072,34.0,24.0,32.392601,0,0,0
1708980074,34.0,24.0,32.392601,0,0,1
1708980075,34.0,24.0,32.392601,0,0,0
1708980077,34.0,24.0,32.392601,0,0,0
1708980078,34.0,25.0,32.520866,1,0,0
1708980080,34.0,25.0,32.520866,0,0,1
1708980081,34.0,25.0,32.520866,0,0,0
1708980083,34.0,25.0,32.520866,0,0,0
1708980084,34.0,25.0,32.520866,1,0,1
1708980086,34.0,25.0,32.520866,0,0,0
1708980087,33.0,26.0,31.4886,0,0,0
1708980089,33.0,26.0,31.4886,0,0,0
1708980091,33.0,26.0,31.4886,0,0,0
1708980092,33.0,26.0,31.4886,1,0,0
1708980093,33.0,26.0,31.4886,0,1,0
1708980095,33.0,26.0,31.4886,0,1,0
1708980097,33.0,26.0,31.4886,0,1,1
1708980098,33.0,26.0,31.4886,0,0,0
1708980100,33.0,26.0,31.4886,0,1,0
1708980101,33.0,26.0,31.4886,0,0,0
1708980103,33.0,27.0,31.605463,0,0,0
1708980104,33.0,27.0,31.605463,0,0,0
1708980106,33.0,28.0,31.729559,1,1,0
1708980107,33.0,28.0,31.729559,1,0,0
1708980109,33.0,28.0,31.729559,0,0,1
1708980110,33.0,28.0,31.729559,0,1,0
1708980112,32.0,28.0,30.597878,1,0,1
1708980113,32.0,28.0,30.597878,0,0,0
1708980115,32.0,29.0,30.703474,0,1,0
1708980116,32.0,29.0,30.703474,0,0,0
1708980118,32.0,29.0,30.703474,0,1,1
1708980119,32.0,29.0,30.703474,1,1,0
1708980121,32.0,29.0,30.703474,0,1,0
1708980123,32.0,29.0,30.703474,0,1,0
1708980124,32.0,30.0,30.815317,0,0,0
1708980126,32.0,30.0,30.815317,0,1,0
1708980127,32.0,30.0,30.815317,0,0,0
1708980129,32.0,30.0,30.815317,0,0,0
1708980130,32.0,30.0,30.815317,1,0,0
1708980132,32.0,30.0,30.815317,1,1,1
1708980133,32.0,30.0,30.815317,0,0,1
1708980135,32.0,30.0,30.815317,0,1,0
1708980136,32.0,31.0,30.933401,1,0,0
1708980138,32.0,31.0,30.933401,0,1,0
1708980139,31.0,31.0,29.827213,0,0,1
1708980141,31.0,31.0,29.827213,0,0,0
1708980142,31.0,31.0,29.827213,0,1,0
1708980144,31.0,31.0,29.827213,0,0,0
1708980145,31.0,32.0,29.926832,1,1,0
1708980147,31.0,32.0,29.926832,0,0,1
1708980149,31.0,32.0,29.926832,0,0,0
1708980150,31.0,32.0,29.926832,0,1,0
1708980152,31.0,33.0,30.031696,0,0,0
1708980153,31.0,33.0,30.031696,0,1,0
1708980155,31.0,33.0,30.031696,0,1,0
1708980156,31.0,33.0,30.031696,0,0,0
1708980158,31.0,33.0,30.031696,1,1,1
1708980159,31.0,33.0,30.031696,1,0,0
1708980161,31.0,34.0,30.141804,0,1,1
1708980162,31.0,34.0,30.141804,1,1,0
1708980164,31.0,34.0,30.141804,0,1,0
1708980165,31.0,34.0,30.141804,0,0,1
1708980167,31.0,35.0,30.257156,1,1,0
1708980170,31.0,35.0,30.257156,0,0,0
1708980170,31.0,35.0,30.257156,0,1,0
1708980171,31.0,35.0,30.257156,0,0,0
1708980173,30.0,36.0,29.263357,0,1,0
1708980174,30.0,36.0,29.263357,0,0,0
1708980176,30.0,36.0,29.263357,0,0,1
1708980178,30.0,36.0,29.263357,0,1,0
1708980179,30.0,36.0,29.263357,0,1,0
1708980181,30.0,36.0,29.263357,0,0,0
1708980182,30.0,37.0,29.36339,0,1,0
1708980184,30.0,37.0,29.36339,0,1,0
1708980185,30.0,37.0,29.36339,1,0,0
1708980187,30.0,37.0,29.36339,0,1,0
1708980188,30.0,38.0,29.467653,0,0,0
1708980190,30.0,38.0,29.467653,0,0,0
1708980191,30.0,38.0,29.467653,1,1,1
1708980193,30.0,38.0,29.467653,1,0,0
1708980194,30.0,39.0,29.576145,1,1,0
1708980196,30.0,39.0,29.576145,0,0,1
1708980197,30.0,39.0,29.576145,1,0,0
1708980199,30.0,39.0,29.576145,0,1,0
1708980200,30.0,39.0,29.576145,0,1,1
1708980202,30.0,39.0,29.576145,0,0,0
1708980204,30.0,40.0,29.688869,0,1,0
1708980205,30.0,40.0,29.688869,0,1,0
1708980207,30.0,40.0,29.688869,1,0,0
1708980208,30.0,40.0,29.688869,0,1,0
1708980210,30.0,40.0,29.688869,0,0,0
1708980211,30.0,40.0,29.688869,0,0,0
1708980213,30.0,40.0,29.688869,0,1,1
1708980214,30.0,40.0,29.688869,0,0,0
1708980216,30.0,41.0,29.805822,0,1,0
1708980217,30.0,41.0,29.805822,0,0,0
1708980219,29.0,41.0,28.696957,0,0,0
1708980220,29.0,41.0,28.696957,0,0,0
1708980222,29.0,41.0,28.696957,0,1,0
1708980223,29.0,41.0,28.696957,0,0,0
1708980225,29.0,41.0,28.696957,0,1,0
1708980227,29.0,41.0,28.696957,0,0,1
1708980228,29.0,41.0,28.696957,0,1,0
1708980230,29.0,41.0,28.696957,0,0,0
1708980231,29.0,42.0,28.791088,0,0,0
1708980233,29.0,42.0,28.791088,0,0,0
1708980234,29.0,42.0,28.791088,0,1,0
1708980236,29.0,42.0,28.791088,1,0,1
1708980237,29.0,42.0,28.791088,1,0,1
1708980239,29.0,42.0,28.791088,1,1,1
1708980240,29.0,42.0,28.791088,0,0,1
1708980242,29.0,42.0,28.791088,1,0,1
1708980243,29.0,43.0,28.88843,0,0,1
1708980245,29.0,43.0,28.88843,0,1,0
1708980246,29.0,43.0,28.88843,1,0,0
1708980248,29.0,43.0,28.88843,0,0,1
